Basin-by-basin melt comparison (Gt/a)
within_* = 1 if modelled melt is within obs_mean ± obs_sigma

           obs_mean   obs_sigma     mod_5th    diff_5th  within_5th  mod_median diff_median  within_median    mod_95th  diff_95th  within_95th    mod_mode diff_mode  within_mode
0.0       54.635723    51.75315   37.968656  -16.667067           1   53.999866   -0.635857              1   73.406068  18.770345            1   54.843614  0.207891            1
1.0       11.811157   13.336401    8.175344   -3.635812           1   11.627156      -0.184              1   15.805666   3.994509            1   11.808831 -0.002326            1
2.0        23.98052   51.950863   16.112805   -7.867715           1   22.915989   -1.064531              1   31.151423   7.170902            1   23.274051 -0.706469            1
3.0       61.059492   34.614514   41.455527  -19.603965           1   58.958972    -2.10052              1   80.147353  19.087861            1   59.880206 -1.179286            1
4.0       89.497033    9.170013   61.847009  -27.650024           0   87.960191   -1.536842              1  119.570884  30.073851            0   89.334569 -0.162464            1
5.0        22.33654    5.928376   15.063579   -7.272961           0   21.423756   -0.912783              1   29.122919   6.786379            0   21.758502 -0.578037            1
6.0       12.945749    5.587153    9.591876   -3.353873           1   13.641779     0.69603              1   18.544294   5.598545            0   13.854932  0.909183            1
7.0       67.917609  118.973747   47.456858  -20.460751           1   67.494198   -0.423411              1   91.749926  23.832317            1   68.548795  0.631186            1
8.0      141.577595   26.281625   98.185269  -43.392326           0  139.641272   -1.936323              1  189.824854  48.247259            0  141.823167  0.245572            1
9.0      243.880357  102.960816  135.322199 -108.558159           0  192.458238   -51.42212              1  261.622917   17.74256            1  195.465398 -48.41496            1
10.0      67.441453   21.302609   46.190939  -21.250514           1    65.69378   -1.747673              1   89.302482   21.86103            0   66.720245 -0.721207            1
11.0     124.265284   49.665902    86.24236  -38.022924           1  122.655801   -1.609483              1   166.73523  42.469946            1  124.572298  0.307014            1
12.0      36.299747   57.085504   24.042933  -12.256814           1   34.194394   -2.105353              1   46.483005  10.183257            1   34.728682 -1.571066            1
13.0      13.232586   19.585377    9.000174   -4.232412           1   12.800247   -0.432339              1   17.400336    4.16775            1   13.000251 -0.232335            1
14.0      63.910184    76.89952    44.32574  -19.584444           1   63.041053   -0.869132              1   85.696431  21.786247            1   64.026069  0.115885            1
15.0      32.594798   31.813951   22.764225   -9.830574           1   32.375786   -0.219012              1   44.010834  11.416036            1   32.881658  0.286859            1
TOTAL  SUM within σ                                              12                                     16                                  11                                 16
